Refseq_001	31	44	2	3	0	7	10	4	0	0	0	2	0	4	1	0	0	0.375	0.069	0.01	-0.621	-0.616	-0.808	0.051	0.514	-0.238	-1.558	-1.825	1
Refseq_002	13	22	0	2	0	13	21	2	16	2	2	2	0	5	0	2	0	0.605	0.809	0.27	0.012	0.039	-0.171	0.281	-0.079	-0.05	0.163	-0.124	1
Refseq_003	62	94	4	12	4	3	9	0	7	0	1	4	1	8	2	6	0	0.304	0.211	0.779	0.49	0.321	-0.089	0.407	-0.222	-0.193	-0.361	-0.521	1
Refseq_004	11	8	2	2	2	53	93	27	35	13	1	3	0	7	2	4	0	0	0	0	0	0	0	0	0	0	0	0	1
Refseq_005	41	78	0	3	0	0	0	0	0	0	0	4	1	5	4	2	0	-0.27	-0.315	-0.526	-0.502	-0.597	-0.336	-0.644	-0.385	-0.395	-0.563	-0.421	1
Refseq_006	28	44	2	7	0	13	22	8	15	4	1	3	0	8	3	6	0	0.828	1.289	1.038	1.2	1.447	0.258	0.611	0.152	-0.056	-0.097	-0.378	1
Refseq_007	24	24	0	1	0	11	22	10	14	8	0	4	1	1	1	3	0	-0.014	0.309	0.033	0.382	0.034	0.122	0.388	0.864	0.135	-0.891	-1.595	1
Refseq_008	34	52	4	2	2	7	3	2	3	2	1	3	0	8	1	6	0	0.083	0.524	0.466	0.295	-0.073	0.542	0.734	1.014	0.753	0.44	-0.385	1
Refseq_009	37	56	8	13	4	48	74	24	53	22	0	1	1	0	0	0	0	-0.431	-0.049	-0.29	-0.555	-0.49	0.086	-0.354	-0.183	-0.128	-0.304	-0.04	1
Refseq_010	38	76	0	2	0	0	0	0	0	0	0	3	0	5	4	2	0	0.767	0.826	0.698	1.142	0.404	0.077	0.18	0.197	0.097	0.032	-0.22	1
Refseq_011	2	2	0	0	0	0	0	0	0	0	0	1	0	1	0	0	0	0	0	0	0	0	0	0	0	0	0	0	1
Refseq_012	26	38	10	4	2	27	50	14	14	6	1	1	0	0	1	0	0	0	0	0	0	0	0	0	0	0	0	0	1
Refseq_013	43	58	8	3	2	9	21	10	6	6	0	4	1	1	1	3	0	-0.282	0.344	0.174	0.331	0.177	-0.296	-0.399	-0.054	-0.482	0.045	-0.568	1
Refseq_014	51	102	0	3	0	0	0	0	0	0	0	4	1	5	4	2	0	0	0	0	0	0	0	0	0	0	0	0	1
Refseq_015	0	0	0	0	0	0	0	0	0	0	2	1	0	2	0	0	0	0.712	0.787	0.153	0.622	0.182	0.101	-0.036	0.173	-0.097	0.085	0.073	1
Refseq_016	4	2	0	0	0	3	7	0	0	0	1	3	0	4	1	2	0	-0.378	-0.113	0.183	0.276	0.222	0.083	0.223	-0.079	-0.104	0.142	0.506	1
Refseq_017	31	18	2	1	2	6	0	2	0	0	0	3	1	1	2	0	0	0.242	0.529	0.56	0.577	0.536	-0.036	-0.157	-0.206	-0.065	-0.33	-0.232	1
Refseq_018	5	10	2	2	2	7	0	0	0	0	1	3	1	1	4	0	0	-0.592	-0.691	-0.444	-0.551	-0.007	0.268	0.727	0.574	0.539	0.217	1.663	1
Refseq_019	50	60	2	3	2	3	4	0	0	0	1	3	1	1	4	0	0	0	0	0	0	0	0	0	0	0	0	0	1
Refseq_020	14	18	4	0	0	5	6	2	2	2	0	1	1	0	0	0	0	-0.272	-0.139	-0.506	-0.209	-0.424	0.137	0.346	0.263	0.152	0.521	0.903	1
Refseq_021	38	76	0	2	0	0	0	0	0	0	0	3	0	5	4	2	0	0	0	0	0	0	0	0	0	0	0	0	1
Refseq_022	7	12	2	0	0	2	2	0	0	0	0	1	1	0	0	0	0	0.244	0.208	0.288	0.41	0.401	-0.056	-0.429	0.101	-0.097	0.188	-0.228	1
Refseq_023	3	4	0	1	0	0	0	0	0	0	1	3	0	6	3	2	0	0.518	0.366	0.649	0.399	0.145	0.044	0.049	-0.177	0.064	0.13	0.122	1
Refseq_024	47	84	2	2	0	0	0	0	0	0	0	2	0	2	1	0	0	-1.165	-1.096	-0.598	-0.344	-0.161	-0.088	-0.234	-0.518	-0.361	-0.887	-1.433	1
Refseq_025	43	86	0	3	0	0	0	0	0	0	0	4	1	5	4	2	0	-1.513	-0.429	-1.453	-1.527	-0.855	-0.566	-2.805	-0.851	-0.562	-1.168	2.485	1
Refseq_026	3	6	2	1	2	1	6	6	6	6	0	1	1	0	0	0	0	0	0	0	0	0	0	0	0	0	0	0	1
Refseq_027	43	86	0	3	0	0	0	0	0	0	0	3	0	5	4	2	0	0.264	0.414	0.16	0.445	0.105	-0.001	-0.036	-0.205	-0.037	-0.187	0.108	1
Refseq_028	37	36	4	2	0	0	0	0	0	0	0	1	1	0	0	0	0	0.245	0.396	0.096	0.206	0.106	0.202	0.822	0.405	-0.236	0.004	0.006	1
Refseq_029	2	2	2	0	0	0	0	0	0	0	0	2	0	1	1	0	0	0.869	1.282	0.924	1.172	0.777	0.527	1.147	0.56	0.57	0.235	-0.229	1
Refseq_030	7	12	2	0	0	1	0	0	0	0	2	1	1	0	0	0	0	1.301	1.074	0.947	1.294	1.42	0.096	0.403	0.182	0.597	-0.612	-0.989	1
Refseq_031	3	4	0	0	0	0	0	0	0	0	1	3	0	7	2	6	0	0.048	0.283	-0.01	0.224	0.59	-0.199	0.049	-0.231	-0.231	-0.338	-0.327	1
Refseq_032	13	20	0	2	0	0	0	0	0	0	1	2	0	1	4	0	0	0.198	-0.086	0.096	0.121	0.167	0.891	-0.003	-0.11	0.021	-0.164	0.417	1
Refseq_033	8	12	8	3	4	8	25	14	12	6	0	1	0	0	2	0	0	0.47	-0.025	-0.162	0.518	0.103	0.133	0.173	0.656	0.199	0.221	0.256	1
Refseq_034	5	4	0	0	0	0	0	0	0	0	0	1	0	2	0	0	0	0.269	0.694	0.457	0.183	0.081	0.062	0.374	0.18	0.265	0.03	0.185	1
Refseq_035	14	22	6	7	2	15	14	6	6	1	0	1	0	1	0	0	0	0.45	0.606	0.407	0.866	1.324	0.143	0.786	0.444	0.044	-0.329	-0.844	1
Refseq_036	7	8	0	0	0	130	146	39	59	14	1	2	0	3	1	0	0	0.504	0.364	0.192	0.214	0.271	0.073	0.166	0.004	0.123	0.244	0.143	1
Refseq_037	13	16	2	2	2	2	0	0	0	0	2	3	0	2	1	0	3	-0.892	-0.739	-1.064	-1.26	-0.73	0.617	-0.649	-0.176	-0.261	0.005	-0.382	1
Refseq_038	30	42	2	2	0	14	24	6	10	0	0	1	1	0	0	0	0	0.281	0.334	0.296	0.548	0.539	0.488	0.327	0.33	0.493	0.476	0.625	1
Refseq_039	17	10	2	1	2	5	2	2	2	2	0	1	1	0	0	0	0	0.481	0.437	0.833	0.672	0.23	0.147	0.691	0.363	0.935	0.759	0.135	1
Refseq_040	12	16	4	3	2	21	22	13	20	9	0	1	0	3	0	0	0	0	0	0	0	0	0	0	0	0	0	0	1
Refseq_041	57	56	8	6	4	0	0	0	0	0	0	1	1	0	0	0	0	0	0	0	0	0	0	0	0	0	0	0	1
Refseq_042	12	20	2	5	2	4	3	1	3	1	0	1	0	2	0	0	0	0.386	1.015	0.54	1.07	1	0.031	-0.015	0.023	0.28	-1.393	-1.085	1
Refseq_043	0	0	0	0	0	8	6	3	3	3	0	1	0	3	0	0	0	0.439	-0.045	0.393	0.418	0.501	0.125	0.492	0.022	0.715	0.627	0.264	1
Refseq_044	17	28	4	7	4	17	23	4	17	4	0	1	0	1	0	0	0	-0.715	-0.699	-1.018	-0.694	-1.414	-0.158	-0.132	-0.407	-0.292	0.203	-0.321	1
Refseq_045	19	34	2	5	2	9	10	4	8	4	1	1	1	0	0	0	0	-0.044	-0.043	0.409	0.618	-0.138	-0.085	-0.166	-0.496	-0.106	-1.038	-0.593	1
Refseq_046	40	52	16	1	2	0	0	0	0	0	0	1	1	0	0	0	0	0.198	-0.054	0.198	0.285	0.182	-0.037	0.011	0.113	-0.326	-0.482	-0.263	1
Refseq_047	31	50	6	12	2	66	109	26	74	22	2	1	0	2	0	0	0	0.599	0.492	0.018	0.26	0.646	0.583	0.902	0.534	0.713	0.525	0.175	1
Refseq_048	7	12	2	0	0	0	0	0	0	0	0	1	1	0	0	0	0	1.09	0.427	0.381	0.484	0.762	0.571	0.901	0.757	0.827	0.523	0.348	1
Refseq_049	2	2	2	0	0	2	0	0	0	0	0	1	1	0	0	0	0	0.45	0.606	0.407	0.866	1.324	0.143	0.786	0.444	0.044	-0.329	-0.844	1
Refseq_050	2	2	0	0	0	0	0	0	0	0	2	1	0	2	0	0	0	-0.79	-1.043	-0.385	-0.74	-0.664	-0.147	-0.231	-0.788	-0.39	-1.271	-0.461	1
Refseq_051	5	8	2	0	0	3	2	0	0	0	0	1	1	0	0	0	0	0.923	0.084	0.704	0.249	-0.056	0.333	1.016	0.486	0.1	-0.055	-0.129	1
Refseq_052	17	24	2	1	2	0	0	0	0	0	0	1	1	0	0	0	0	0.944	0.937	1.032	0.633	0.655	0.442	0.623	0.161	0.362	-0.064	0.063	1
Refseq_053	6	10	0	1	0	2	2	0	2	0	0	1	1	0	0	0	0	0.719	0.756	0.279	0.303	0.404	-0.092	0.084	0.295	-0.113	-0.023	0.039	1
Refseq_054	7	12	6	1	2	1	0	0	0	0	0	1	0	0	1	0	0	0.451	0.457	0.708	0.745	1.07	0.319	0.504	0.849	0.448	0.242	-0.034	1
Refseq_055	8	12	2	1	0	54	52	28	12	4	0	1	0	1	0	0	0	1.415	0.919	0.888	0.73	1.069	-0.097	-0.453	-0.146	0.088	-0.741	-0.541	1
Refseq_056	5	10	0	0	0	0	0	0	0	0	0	1	1	0	0	0	0	0.418	0.041	-0.009	-0.25	0.276	0.207	0.175	0.214	0.761	0.116	-0.093	1
Refseq_057	28	38	2	4	2	3	0	0	0	0	0	1	1	0	0	0	0	-0.33	-0.445	-0.491	0.034	0.442	-0.038	1.286	0.798	-0.242	-0.723	-0.712	1
Refseq_058	26	28	0	3	0	5	8	4	4	4	0	1	0	0	1	0	0	0.828	0.149	0.292	1.017	0.812	0.127	0.438	0.277	0.861	-0.681	-0.812	1
Refseq_059	4	8	0	1	0	6	12	0	2	0	1	1	1	0	0	0	0	0.149	0.222	0.459	0.313	0.382	-0.065	-0.31	0.045	-0.094	0.462	0.518	1
Refseq_060	35	50	0	0	0	0	0	0	0	0	0	1	1	0	0	0	0	-0.1	0.036	-0.941	-1.136	-0.765	-0.261	0.318	0.63	-0.192	0.488	0.826	1
Refseq_061	13	24	2	1	2	0	0	0	0	0	0	1	1	0	0	0	0	-0.019	0.062	0.149	-0.142	-0.045	0.251	0.441	0.217	0.118	0.838	0.332	1
Refseq_062	34	44	8	4	2	5	6	2	6	2	0	1	1	0	0	0	0	0.309	0.787	0.143	0.21	0.666	0.831	1.486	0.464	1.078	0.531	0.291	1
Refseq_063	11	18	0	0	0	8	9	3	0	0	0	1	1	0	0	0	0	0.418	1.205	1.009	1.486	1.492	0.455	0.065	0.666	0.269	0.477	0.014	1
Refseq_064	3	4	0	0	0	4	2	2	2	2	0	1	1	0	0	0	0	0.316	0.328	0.084	0.041	-0.208	-0.37	-0.282	-0.504	-0.623	-0.676	-0.089	1
Refseq_065	12	22	0	0	0	2	4	0	0	0	0	1	1	0	0	0	0	0	0	0	0	0	0	0	0	0	0	0	1
Refseq_066	8	8	0	3	0	0	0	0	0	0	1	1	1	0	0	0	0	0.483	-0.261	1.003	0.439	0.769	0.167	0.277	0.415	0.353	-0.008	0.176	1
Refseq_067	3	6	0	0	0	0	0	0	0	0	0	1	1	0	0	0	0	0.074	0.046	0.012	-0.208	-0.087	0.011	-0.32	-0.06	-0.061	-1.235	-0.993	1
Refseq_068	13	18	2	0	0	0	0	0	0	0	0	1	1	0	0	0	0	0.232	0.352	0.55	0.459	0.524	-0.027	0.044	0.312	0.017	-0.436	-0.558	1
Refseq_069	7	14	0	1	0	0	0	0	0	0	0	1	1	0	0	0	0	1.078	0.698	0.681	0.35	0.775	0.291	0.26	0.325	0.766	0.169	-0.165	1
Refseq_070	5	8	4	1	2	12	4	4	2	2	0	1	0	1	0	0	0	1.077	0.989	1.045	0.572	0.61	0.176	0.333	-0.073	0.023	-0.401	-0.084	1
Refseq_071	3	6	2	0	0	3	6	2	0	0	0	1	0	1	0	0	0	0.591	0.291	0.449	0.073	0.029	-0.067	-0.032	0.484	-0.17	0.228	-0.214	1
Refseq_072	13	16	0	2	0	0	0	0	0	0	0	2	0	1	1	0	0	-0.72	-0.469	-0.562	-0.194	-0.254	-0.355	-0.238	-0.187	-0.205	-0.22	-0.276	1
Refseq_073	3	4	0	1	0	22	19	8	4	0	0	1	0	2	0	0	0	0	0	0	0	0	0	0	0	0	0	0	1
Refseq_074	2	2	0	0	0	0	0	0	0	0	0	1	1	0	0	0	0	1.13	0.943	0.857	0.963	1.022	0.198	0.676	0.236	0.037	-0.642	-0.225	1
Refseq_075	4	6	0	0	0	1	6	6	6	6	0	2	0	0	1	1	0	0	0	0	0	0	0	0	0	0	0	0	1
Refseq_076	8	12	0	0	0	0	0	0	0	0	0	1	1	0	0	0	0	-0.005	0.018	-0.173	0.241	1.021	0.212	0.52	0.252	1.052	-0.203	-0.228	1
Refseq_077	2	4	0	0	0	0	0	0	0	0	0	1	1	0	0	0	0	0	0	0	0	0	0	0	0	0	0	0	1
Refseq_078	40	44	12	4	4	7	10	2	6	0	0	2	0	8	1	0	0	0.405	0.356	0.5	0.737	0.501	0.201	0.084	0.992	-0.154	0.036	-0.651	1
Refseq_079	4	8	0	0	0	0	0	0	0	0	0	1	1	0	0	0	0	-2.383	-2.261	-1.823	-1.736	-2.106	-0.519	-1.691	-1.08	-1.333	0.234	1.532	1
Refseq_080	4	8	0	0	0	17	23	5	7	3	0	1	0	0	2	0	0	0	0	0	0	0	0	0	0	0	0	0	1
Refseq_081	15	20	6	5	4	0	0	0	0	0	0	1	1	0	0	0	0	-0.267	0.306	0.621	0.462	0.698	0.414	-0.05	0.077	0.697	0.298	1.054	1
Refseq_082	1	0	0	0	0	2	0	0	0	0	0	1	0	1	0	0	0	1.636	1.073	1.166	0.92	0.7	0.065	0.067	0.089	0.145	0.012	-0.034	1
Refseq_083	2	0	0	0	0	14	10	6	3	3	0	1	0	1	0	0	0	-0.243	0.111	-0.657	-0.12	-0.256	-0.534	0.057	-0.972	-0.621	-1.694	-2.872	1
Refseq_084	2	2	2	0	0	5	2	2	0	0	0	2	0	1	1	0	0	0	0	0	0	0	0	0	0	0	0	0	1
Refseq_085	0	0	0	0	0	9	4	1	0	0	2	1	0	2	0	0	0	0.121	0.172	0.01	0.262	0.362	0.196	0.991	0.985	0.684	0.513	0.048	1
Refseq_086	5	8	2	0	0	0	0	0	0	0	0	1	0	2	0	0	0	0	0	0	0	0	0	0	0	0	0	0	1
Refseq_087	0	0	0	0	0	0	0	0	0	0	0	1	0	3	0	0	0	-0.842	-0.151	-0.265	-0.585	-0.297	0.649	1.518	0.841	1.352	1.696	1.764	1
Refseq_088	4	8	2	0	0	0	0	0	0	0	0	1	1	0	0	0	0	0	0	0	0	0	0	0	0	0	0	0	1
Refseq_089	5	4	4	0	0	0	0	0	0	0	0	1	0	1	0	0	0	0.24	0.414	0.087	-0.09	-0.005	0.019	-0.488	-0.244	-0.208	0.647	1.459	1
Refseq_090	4	8	2	0	0	0	0	0	0	0	0	1	1	0	0	0	0	1.008	0.619	0.745	0.209	0.288	0.15	0.204	0.522	-0.017	-0.008	-0.243	1
Refseq_091	4	0	0	0	0	0	0	0	0	0	0	1	0	3	0	0	0	0	0	0	0	0	0	0	0	0	0	0	1
Refseq_092	0	0	0	0	0	9	14	4	12	4	2	1	0	2	0	0	0	0.443	0.637	0.255	0.411	0.259	0.259	0.274	0.026	0.094	-0.014	-0.004	1
Refseq_093	28	26	2	3	2	0	0	0	0	0	0	1	1	0	0	0	0	0	0	0	0	0	0	0	0	0	0	0	1
Refseq_094	3	6	2	1	2	0	0	0	0	0	0	1	1	0	0	0	0	0.822	0.513	0.773	0.604	0.637	0.249	0.49	0.91	0.344	-0.608	0.095	1
Refseq_095	3	4	0	0	0	2	0	2	0	2	0	1	1	0	0	0	0	0.455	0.828	0.769	0.613	0.716	0.132	0.491	-0.003	0.105	0.058	-0.024	1
Refseq_096	4	4	0	0	0	3	2	0	2	0	0	1	1	0	0	0	0	0.607	0.911	0.831	0.32	0.965	0.254	0.436	1.06	0.655	0.735	0.181	1
Refseq_097	11	14	0	0	0	1	2	0	2	0	0	1	1	0	0	0	0	0	0	0	0	0	0	0	0	0	0	0	1
Refseq_098	2	4	0	0	0	0	0	0	0	0	0	1	1	0	0	0	0	0	0	0	0	0	0	0	0	0	0	0	1
Refseq_099	1	2	0	0	0	0	0	0	0	0	0	1	0	0	1	0	0	0	0	0	0	0	0	0	0	0	0	0	1
Refseq_100	5	10	0	2	0	1	2	0	0	0	0	1	1	0	0	0	0	0	0	0	0	0	0	0	0	0	0	0	1
Refseq_101	1	2	0	1	0	0	0	0	0	0	0	1	1	0	0	0	0	1.201	0.822	0.938	0.612	0.625	0.317	0.94	0.92	0.967	0.413	0.139	1
Refseq_102	2	2	0	1	0	0	0	0	0	0	0	1	0	0	1	0	0	0.822	0.513	0.773	0.604	0.637	0.249	0.49	0.91	0.344	-0.608	0.095	1
Refseq_103	44	34	12	4	4	5	8	0	2	0	0	1	1	0	0	0	0	0.197	1.144	0.683	0.621	0.086	0.082	-0.761	-0.163	-0.214	0.062	-0.234	1
Refseq_104	24	14	4	2	2	18	12	2	10	2	0	1	1	0	0	0	0	0.81	0.48	1.181	0.526	0.173	-0.129	-0.978	-0.362	-0.151	-0.294	-0.286	1
Refseq_105	81	86	14	8	2	3	5	0	5	0	0	1	1	0	0	0	0	0.147	0.014	0.146	0.066	0.441	0.006	-0.024	0.118	-0.305	-0.152	0.029	1
Refseq_106	23	18	4	2	2	5	5	0	5	0	0	1	1	0	0	0	0	0.489	0.214	0.076	0.054	-0.28	0.063	0.133	0.149	-0.006	-0.008	-0.341	1
Refseq_107	18	12	6	0	0	9	11	2	9	2	0	1	1	0	0	0	0	0.718	0.8	0.474	0.731	0.358	0.341	0.502	0.12	0.081	0.315	-0.139	1
Refseq_108	31	36	4	3	2	0	0	0	0	0	0	1	1	0	0	0	0	0	0	0	0	0	0	0	0	0	0	0	1
Refseq_109	17	18	4	1	0	6	4	2	2	0	0	1	1	0	0	0	0	0.462	0.412	0.49	0.396	0.427	0.208	0.088	0.438	0.207	-0.095	-0.23	1
Refseq_110	7	6	6	1	2	0	0	0	0	0	1	1	1	0	0	0	0	0	0	0	0	0	0	0	0	0	0	0	1
Refseq_111	31	22	4	0	0	13	6	2	2	0	0	1	1	0	0	0	0	0	0	0	0	0	0	0	0	0	0	0	1
Refseq_112	53	50	10	3	2	0	0	0	0	0	0	1	1	0	0	0	0	1.383	1.153	1.188	0.782	1.766	-0.028	-0.155	0.527	0.312	-1.152	-0.896	1
Refseq_113	17	22	6	0	0	0	0	0	0	0	0	1	1	0	0	0	0	1.578	0.958	1.064	0.957	1.859	0.79	0.488	0.765	1.186	0.015	0.148	1
Refseq_114	40	52	4	4	2	1	0	0	0	0	0	1	1	0	0	0	0	0	0	0	0	0	0	0	0	0	0	0	1
Refseq_115	13	6	6	1	2	0	0	0	0	0	0	1	1	0	0	0	0	-0.379	-0.3	0.014	0.044	-0.067	-0.19	-0.359	-0.572	-0.293	-0.665	-0.263	1
Refseq_116	61	48	10	3	0	6	8	2	6	0	0	1	1	0	0	0	0	0.98	2.311	0.337	0.678	1.59	-0.151	-0.885	0.264	-0.156	-1.018	-1.246	1
Refseq_117	35	28	10	0	0	3	5	0	1	0	0	1	1	0	0	0	0	-1.007	-0.441	-0.131	-0.294	-0.352	0.268	-0.932	-0.151	-0.253	0.539	0.983	1
Refseq_118	13	10	4	1	2	7	13	8	6	6	0	1	1	0	0	0	0	0.486	0.035	0.41	0.483	0.452	-0.25	-0.431	-0.483	-0.364	-0.393	-1.032	1
Refseq_119	38	24	4	2	2	1	1	0	0	0	0	1	1	0	0	0	0	0.47	0.119	0.266	0.66	0.225	-0.16	-0.514	0.214	-0.147	-0.05	-0.353	1
Refseq_120	8	10	4	0	0	0	0	0	0	0	0	1	1	0	0	0	0	1.294	1.543	1.014	1.277	2.231	0.78	0.52	1.032	1.02	0.061	0.208	1
Refseq_121	57	32	8	5	4	16	26	14	16	14	2	1	1	0	0	0	0	0.067	-0.003	0.144	0.087	0.011	-0.051	-0.069	-0.14	-0.176	-0.068	0.099	1
Refseq_122	20	22	6	1	0	16	15	6	6	2	0	1	1	0	0	0	0	-0.993	-0.657	-0.479	-0.682	-0.539	0.102	0.5	0.975	0.072	0.873	0.729	1
Refseq_123	51	30	20	8	14	0	0	0	0	0	0	1	1	0	0	0	0	-0.329	0.685	-0.049	1.072	1.983	-0.171	-0.736	-0.43	-0.142	-0.565	-0.521	1
Refseq_124	53	52	6	8	2	109	103	16	53	4	0	1	1	0	0	0	0	-0.077	0.184	-0.238	-0.342	-0.291	-0.156	-0.039	0.769	-0.425	0.565	-0.097	1
Refseq_125	24	18	4	2	0	38	51	12	14	0	0	1	1	0	0	0	0	0.532	0.334	0.324	0.001	0.351	-0.03	0.298	-0.666	0.162	0.189	0.32	1
Refseq_126	55	42	6	6	0	94	101	23	50	6	0	1	1	0	0	0	0	0.918	0.702	0.018	-0.063	-0.262	-0.09	-0.181	0.138	0.094	0.814	0.122	1
Refseq_127	120	122	28	21	12	180	188	72	72	42	0	1	1	0	0	0	0	0.188	0.211	0.212	0.273	0.048	0.327	0.698	0.649	0.278	0.428	0.143	1
Refseq_128	10	10	4	2	4	9	8	2	8	2	0	1	1	0	0	0	0	0	0	0	0	0	0	0	0	0	0	0	1
Refseq_129	128	84	22	9	4	215	224	48	86	19	0	1	1	0	0	0	0	0	0	0	0	0	0	0	0	0	0	0	1
Refseq_130	35	46	8	15	8	44	68	12	40	12	0	1	1	0	0	0	0	-0.229	-0.208	-0.166	-0.464	-0.629	0.154	0.463	0.093	0.019	0.583	0.538	1
Refseq_131	41	42	4	6	2	25	46	6	32	0	0	1	1	0	0	0	0	-0.481	-0.088	-0.179	-0.306	-0.147	0.48	0.653	0.627	0.407	0.574	1.039	1
Refseq_132	27	28	10	5	2	32	41	14	30	8	0	1	1	0	0	0	0	0.698	1.583	1.435	1.154	1.061	0.044	-0.015	0.344	0.027	-0.295	-0.44	1
Refseq_133	23	36	10	6	2	39	53	12	42	6	0	1	1	0	0	0	0	0.714	1.332	0.304	0.853	0.338	0.075	0.081	-0.244	-0.027	0.013	0.054	1
Refseq_134	7	8	4	2	2	8	8	10	6	8	0	1	1	0	0	0	0	0.671	0.406	0.709	1.789	0.724	0.04	0.461	0.91	-0.142	-0.134	-0.187	1
Refseq_135	42	50	12	12	8	83	127	32	71	25	0	1	1	0	0	0	0	-0.166	-0.049	-0.243	-0.248	-0.189	0.058	-0.102	0.251	0.045	0.196	-0.037	1
Refseq_136	54	62	8	8	4	14	24	4	20	0	0	1	1	0	0	0	0	0	0	0	0	0	0	0	0	0	0	0	1
Refseq_137	28	12	4	3	2	8	12	4	12	4	0	1	1	0	0	0	0	0.091	-0.254	-0.119	-0.271	-0.191	0.074	0.273	-0.271	-0.177	-0.299	-0.063	1
Refseq_138	9	14	6	4	6	2	2	0	2	0	0	1	1	0	0	0	0	0.35	0.243	0.45	0.184	0.434	0.03	0.075	-0.278	0.056	-0.035	0.028	1
Refseq_139	16	24	8	3	2	0	0	0	0	0	0	1	1	0	0	0	0	0.125	0.157	0.134	-0.154	0.486	0.22	0.533	0.33	0.2	0.006	0.114	1
Refseq_140	33	30	8	5	2	72	81	22	51	6	0	1	1	0	0	0	0	-0.525	-0.138	-0.263	-0.513	-0.481	0.295	0.246	-0.137	-0.056	-0.097	-0.203	1
Refseq_141	53	64	4	3	0	0	0	0	0	0	1	1	1	0	0	0	0	0.086	0.026	-0.378	-0.58	-0.673	-0.261	-0.988	-0.106	-0.095	0.857	1.424	1
Refseq_142	50	34	8	2	2	3	0	0	0	0	0	1	1	0	0	0	0	0.612	1.802	1.062	0.517	0.648	0.199	-0.16	-0.036	-0.249	-0.2	-0.438	1
Refseq_143	43	46	12	6	6	0	0	0	0	0	1	1	1	0	0	0	0	0.249	0.309	0.388	0.225	0.295	0.172	0.508	0.014	0.149	0.394	0.223	1
Refseq_144	18	34	10	10	8	36	60	10	31	6	0	1	1	0	0	0	0	-0.083	0.496	0.06	0.104	0.511	0.284	0.131	0.305	0.562	0.303	0.016	1
Refseq_145	94	46	18	5	2	29	44	8	28	2	0	1	1	0	0	0	0	0	0	0	0	0	0	0	0	0	0	0	1
Refseq_146	6	8	4	1	2	0	0	0	0	0	0	1	1	0	0	0	0	-0.324	-0.259	-0.277	-0.153	0.071	0.362	0.367	0.935	0.48	-0.046	-0.36	1
Refseq_147	43	34	12	5	2	3	2	0	2	0	0	1	1	0	0	0	0	-0.505	-0.288	-0.386	-0.24	-0.359	0.018	0.248	0.287	-0.019	0.338	0.582	1
Refseq_148	55	70	4	6	0	30	31	17	19	9	1	1	1	0	0	0	0	0.936	1.85	1.193	1.52	0.355	-0.579	-0.323	-0.571	-0.55	-1.271	-1.733	1
Refseq_149	43	32	8	5	8	35	22	6	8	4	0	1	1	0	0	0	0	0.848	0.882	0.635	0.624	1.113	0.299	0.463	0.483	0.574	0.333	0.21	1
Refseq_150	6	10	4	1	2	0	0	0	0	0	0	1	1	0	0	0	0	1.272	0.961	1.326	0.554	0.707	0.072	0.355	0.493	0.263	0.287	0.173	1
Refseq_151	36	24	10	1	0	3	5	0	1	0	0	1	1	0	0	0	0	-1.007	-0.441	-0.131	-0.294	-0.352	0.268	-0.932	-0.151	-0.253	0.539	0.983	1
Refseq_152	117	58	10	3	0	8	4	0	2	0	0	1	1	0	0	0	0	0	0	0	0	0	0	0	0	0	0	0	1
Refseq_153	70	50	12	5	6	41	54	24	42	20	0	1	1	0	0	0	0	0.659	0.879	0.755	0.76	0.762	0.178	0.366	0.37	0.111	-0.413	-0.448	1
Refseq_154	23	32	4	1	2	0	0	0	0	0	0	1	1	0	0	0	0	0	0	0	0	0	0	0	0	0	0	0	1
Refseq_155	6	8	4	4	4	0	0	0	0	0	0	1	1	0	0	0	0	0.12	0.354	0.522	0.456	0.523	0.635	0.461	-0.135	0.423	0.073	0.25	1
Refseq_156	21	32	4	4	2	21	34	13	32	11	1	1	1	0	0	0	0	0.359	0.388	0.205	0.109	0.411	0.21	0.374	0.288	0.459	0.172	0.509	1
Refseq_157	65	44	26	3	4	28	11	2	7	0	0	1	1	0	0	0	0	0	0	0	0	0	0	0	0	0	0	0	1
Refseq_158	13	12	6	4	2	0	0	0	0	0	0	1	1	0	0	0	0	0.045	0.609	-0.021	0.645	1.067	-0.27	-0.201	-0.435	-0.192	-0.254	-0.632	1
Refseq_159	5	6	4	1	2	0	0	0	0	0	1	1	1	0	0	0	0	0	0	0	0	0	0	0	0	0	0	0	1
Refseq_160	63	24	4	2	2	0	0	0	0	0	0	1	1	0	0	0	0	0.356	0.35	0.418	1.058	1.15	0.299	0.35	0.335	0.284	0.536	0.393	1
Refseq_161	2	4	4	1	2	5	5	0	5	0	0	1	1	0	0	0	0	0.489	0.214	0.076	0.054	-0.28	0.063	0.133	0.149	-0.006	-0.008	-0.341	1
Refseq_162	25	44	6	5	2	0	0	0	0	0	0	1	1	0	0	0	0	0.24	0.487	0.583	0.579	0.933	0.077	-0.31	-0.5	0.171	0.424	1.678	1
Refseq_163	33	20	12	2	4	5	8	6	2	0	0	1	1	0	0	0	0	0.163	-0.134	0.33	0.456	0.395	0.135	0.303	0.609	0.953	0.297	0.009	1
Refseq_164	48	44	4	6	4	15	22	2	19	2	0	1	1	0	0	0	0	-0.319	-0.503	-0.269	-0.301	-0.422	-0.572	-0.699	-0.671	-0.382	-0.652	-0.194	1
Refseq_165	16	10	4	2	2	0	0	0	0	0	0	1	1	0	0	0	0	-0.343	0.076	-0.188	-0.246	0.024	-0.155	0.211	-0.147	0.17	0.267	0.147	1
Refseq_166	45	28	8	2	2	1	0	0	0	0	0	1	1	0	0	0	0	1.218	1.082	1.348	0.884	0.934	0.403	0.781	0.521	0.684	0.577	0.886	1
Refseq_167	19	18	6	1	0	0	0	0	0	0	0	1	1	0	0	0	0	0	0	0	0	0	0	0	0	0	0	0	1
Refseq_168	19	10	4	1	2	0	0	0	0	0	0	1	1	0	0	0	0	0	0	0	0	0	0	0	0	0	0	0	1
Refseq_169	27	24	4	3	2	6	10	0	2	0	0	1	1	0	0	0	0	0.109	0.048	0.058	0.049	0.141	0.068	0.085	-0.264	-0.164	-0.181	-0.326	1
Refseq_170	4	8	4	3	4	4	6	0	2	0	0	1	1	0	0	0	0	0.483	0.358	0.224	0.187	-0.186	0.133	0.683	-0.112	0.286	-0.369	-0.071	1
Refseq_171	23	14	6	2	0	0	0	0	0	0	0	1	1	0	0	0	0	0.375	0.347	0.135	0.156	0.28	0.058	0.157	0.127	0.247	0.013	-0.045	1
Refseq_172	27	14	4	0	0	0	0	0	0	0	0	1	1	0	0	0	0	0.109	0.3	0.24	0.017	0.313	0.022	0.53	-0.262	0.069	0.032	-0.2	1
Refseq_173	36	48	8	8	0	0	0	0	0	0	0	1	1	0	0	0	0	-0.784	0.447	-0.633	-0.398	-0.33	-0.013	-0.292	-0.083	-0.083	0.068	-0.224	1
Refseq_174	23	12	4	0	0	0	0	0	0	0	0	1	1	0	0	0	0	0	0	0	0	0	0	0	0	0	0	0	1
Refseq_175	14	14	4	1	0	8	9	3	9	3	0	1	1	0	0	0	0	0.04	0.2	-0.23	-0.246	-0.429	-0.295	0.036	-0.487	-0.479	-0.179	-0.094	1
Refseq_176	46	24	4	4	2	2	0	0	0	0	0	1	1	0	0	0	0	0.934	0.588	0.901	0.576	0.302	0.412	0.715	1.337	0.234	0.168	-0.013	1
Refseq_177	7	8	6	0	0	2	0	0	0	0	0	1	1	0	0	0	0	1.426	1.176	1.085	1.091	1.042	0.707	0.747	0.109	0.787	0.517	0.497	1
Refseq_178	14	16	4	0	0	3	4	0	0	0	0	1	1	0	0	0	0	-0.041	0.558	0.257	0.349	0.271	-0.155	-0.491	0.08	-0.311	-0.309	-0.277	1
Refseq_179	20	14	4	3	2	8	12	2	4	2	1	1	1	0	0	0	0	0.404	0.381	-0.067	0.393	0.744	0.193	-0.092	0.238	-0.031	0.345	-0.041	1
Refseq_180	32	26	14	7	12	0	0	0	0	0	0	1	1	0	0	0	0	0.002	0.093	-0.296	-0.636	-0.515	-0.193	-0.063	-0.235	-0.167	-0.191	0.116	1
Refseq_181	20	32	6	6	2	27	39	8	22	6	0	1	1	0	0	0	0	0.125	0.157	0.715	0.7	0.755	-0.143	-0.068	-0.128	-0.116	0.082	-0.34	1
Refseq_182	33	30	6	3	0	62	65	16	34	4	1	1	1	0	0	0	0	-0.19	-0.636	-0.544	-0.504	-0.517	-0.27	-0.414	-0.302	-0.327	-0.482	-0.167	1
Refseq_183	7	4	4	1	2	17	10	4	6	2	1	1	1	0	0	0	0	0	0	0	0	0	0	0	0	0	0	0	1
Refseq_184	12	18	4	6	4	9	14	4	12	4	2	1	1	0	0	0	0	0.443	0.637	0.255	0.411	0.259	0.259	0.274	0.026	0.094	-0.014	-0.004	1
Refseq_185	10	18	4	7	4	16	31	7	29	7	0	1	1	0	0	0	0	0.484	2.056	0.51	0.349	0.094	0.145	0.409	0.068	0.329	0.258	0.013	1
Refseq_186	32	26	8	6	6	53	60	22	37	16	0	1	1	0	0	0	0	0	0	0	0	0	0	0	0	0	0	0	1
Refseq_187	27	32	4	8	4	39	44	15	33	15	0	1	1	0	0	0	0	-0.01	0.316	-0.076	0.442	0.346	0.111	0.46	1.04	0.566	0.64	0.23	1
Refseq_188	43	28	6	3	0	13	8	4	0	0	0	1	1	0	0	0	0	0	0	0	0	0	0	0	0	0	0	0	1
Refseq_189	27	34	6	5	4	0	0	0	0	0	0	1	1	0	0	0	0	0.728	0.767	1.317	0.695	0.397	-0.093	0.08	-0.212	0.202	-0.15	0.967	1
Refseq_190	40	28	4	5	4	10	6	0	2	0	0	1	1	0	0	0	0	0.147	-0.055	0.252	0.115	0.219	0.024	0.147	0.529	0.024	0.294	0.175	1
Refseq_191	34	44	4	4	2	0	0	0	0	0	0	1	1	0	0	0	0	0.24	0.487	0.583	0.579	0.933	0.077	-0.31	-0.5	0.171	0.424	1.678	1
Refseq_192	22	34	6	4	0	33	56	19	14	2	0	1	1	0	0	0	0	0.319	0.147	0.241	0.218	-0.508	-0.237	-0.14	0.24	-0.292	0.158	0.289	1
Refseq_193	19	24	4	5	2	21	36	5	18	4	0	1	1	0	0	0	0	-2.109	-1.497	-1.703	-1.599	-1.414	-0.487	-0.374	0.49	-0.213	-0.111	-0.167	1
Refseq_194	4	8	4	4	4	7	8	0	4	0	0	1	1	0	0	0	0	-1.261	-1.245	-0.866	-0.841	-0.427	1.042	1.023	-0.387	-0.127	0.519	1.642	1
Refseq_195	63	42	28	1	2	0	0	0	0	0	0	1	1	0	0	0	0	0	0	0	0	0	0	0	0	0	0	0	1
Refseq_196	38	20	6	5	4	0	0	0	0	0	0	1	1	0	0	0	0	-0.274	0.012	-0.458	-0.381	-0.263	0.086	0.468	0.022	-0.476	-0.085	0.132	1
Refseq_197	9	8	4	1	2	0	0	0	0	0	0	1	1	0	0	0	0	0.24	0.671	0.286	0.073	0.197	-0.025	0.183	0.296	0.029	0.5	-0.034	1
Refseq_198	11	10	4	1	2	0	0	0	0	0	0	1	1	0	0	0	0	0.109	0.408	0.251	0.057	-0.468	0.235	0.417	-0.121	-0.124	-0.141	-0.358	1
Refseq_199	3	6	6	2	4	4	6	0	2	0	0	1	1	0	0	0	0	0.483	0.358	0.224	0.187	-0.186	0.133	0.683	-0.112	0.286	-0.369	-0.071	1
Refseq_200	11	8	4	0	0	0	0	0	0	0	0	1	1	0	0	0	0	0.381	0.136	0.154	0.027	0.606	-0.009	-0.018	-0.112	0.139	-0.311	-0.299	1
Refseq_201	4	8	4	2	2	3	0	0	0	0	0	1	1	0	0	0	0	0.048	-0.111	-0.362	-0.165	-0.058	1.009	0.829	0.512	0.5	1.377	1.297	1
Refseq_202	17	6	4	0	0	102	95	20	49	8	0	1	1	0	0	0	0	0.121	0.006	0.068	0.187	0.014	-0.132	0.082	0.11	-0.225	0.066	-0.098	1
Refseq_203	24	24	4	5	2	0	0	0	0	0	0	1	1	0	0	0	0	0.613	0.85	1.085	1.121	1.915	0.104	-0.059	1.555	0.311	-0.969	-1.073	1
Refseq_204	51	66	12	7	6	0	0	0	0	0	0	1	1	0	0	0	0	-1.709	-1.222	-1.424	-1.952	-1.932	-0.956	0.06	0.035	-1.098	0.477	0.21	1
Refseq_205	30	26	4	5	2	158	146	37	104	23	1	1	1	0	0	0	0	-0.077	-0.129	-0.544	-0.107	-0.25	-0.083	-0.516	-0.332	-0.173	1.319	-0.535	1
Refseq_206	8	6	4	3	4	1	0	0	0	0	0	1	1	0	0	0	0	0.606	0.884	0.837	0.83	1.159	0.159	0.065	-0.153	-0.097	-1.165	-0.629	1
Refseq_207	5	6	4	1	2	1	2	0	2	0	0	1	1	0	0	0	0	0.353	0.282	0.299	0.42	0.518	0.077	0.773	0.234	0.114	0.208	0.09	1
Refseq_208	2	4	4	2	4	4	6	0	2	0	0	1	1	0	0	0	0	0.483	0.358	0.224	0.187	-0.186	0.133	0.683	-0.112	0.286	-0.369	-0.071	1
Refseq_209	44	36	6	3	2	9	8	0	1	0	1	3	0	8	2	6	0	0.602	0.46	0.79	0.501	1.129	0.445	0.796	0.371	-0.008	0.355	-0.28	0
Refseq_210	69	78	18	9	6	72	101	38	46	18	0	1	0	1	0	0	0	0	0	0	0	0	0	0	0	0	0	0	0
Refseq_211	56	74	18	8	8	63	69	23	19	14	1	1	0	3	0	0	0	0	0	0	0	0	0	0	0	0	0	0	0
Refseq_212	0	0	0	0	0	30	40	23	12	5	2	2	0	6	0	2	0	-0.165	-0.139	-0.145	-0.28	-0.338	0.116	0.648	-0.025	0.138	0.934	0.869	0
Refseq_213	1	2	0	0	0	0	0	0	0	0	0	2	0	5	1	0	0	0.181	0.078	0.286	0.315	-0.085	0.087	-0.108	-0.19	0.026	0.216	0.077	0
Refseq_214	34	34	6	6	0	12	32	4	16	0	1	3	0	7	2	6	0	0	0	0	0	0	0	0	0	0	0	0	0
Refseq_215	38	66	2	7	0	0	0	0	0	0	0	3	1	7	2	0	0	0.36	-0.175	0.323	0.063	0.189	0.193	-0.363	3.083	0.779	-0.466	-0.353	0
Refseq_216	43	42	2	1	0	30	47	10	26	6	0	1	0	2	0	0	0	0.066	0.867	0.432	0.945	1.304	-0.052	-0.566	0.017	-0.149	-0.294	-0.898	0
Refseq_217	3	6	2	1	0	0	0	0	0	0	0	1	0	1	0	0	0	0	0	0	0	0	0	0	0	0	0	0	0
Refseq_218	40	76	8	4	6	19	30	8	18	4	0	3	0	5	4	2	0	0.472	0.516	0.086	0.506	1.512	-0.238	-0.347	-0.197	-0.277	-0.696	-0.528	0
Refseq_219	22	40	6	7	2	6	11	4	5	2	0	1	0	1	0	0	0	0	0	0	0	0	0	0	0	0	0	0	0
Refseq_220	18	30	4	3	0	2	4	2	2	0	0	1	0	0	1	0	0	0	0	0	0	0	0	0	0	0	0	0	0
Refseq_221	92	134	6	5	4	6	4	0	4	0	0	1	1	0	0	0	0	0.128	0.002	-0.148	0.668	1.369	0.176	-0.426	0.098	-0.003	-0.126	-0.93	0
Refseq_222	13	14	2	2	0	0	0	0	0	0	0	1	1	0	0	0	0	0	0	0	0	0	0	0	0	0	0	0	0
Refseq_223	4	4	0	2	0	12	11	3	4	0	1	1	0	1	0	0	0	0.026	-0.004	0.283	0.397	0.425	-0.298	-0.579	-0.554	-0.531	-0.19	-0.994	0
Refseq_224	1	0	0	0	0	0	0	0	0	0	1	3	0	7	1	6	0	-0.401	-0.546	-0.733	-0.61	-0.485	-0.142	-0.332	-0.05	-0.292	-0.674	-0.242	0
Refseq_225	8	8	0	0	0	1	0	0	0	0	0	1	1	0	0	0	0	0	0	0	0	0	0	0	0	0	0	0	0
Refseq_226	9	14	2	1	0	1	2	0	0	0	1	3	0	7	2	5	0	0.269	-0.296	-0.556	-0.045	0.185	-0.169	0.667	-0.17	0.022	0.053	-0.151	0
Refseq_227	5	6	0	0	0	0	0	0	0	0	0	2	0	5	1	0	0	-0.162	-0.235	-0.105	0.036	0.1	-0.047	-0.438	-0.305	0.035	0.282	1.668	0
Refseq_228	3	6	2	0	0	7	12	4	6	0	0	3	0	13	2	1	0	1.013	0.96	0.766	1.004	1.056	0.105	0.761	0.066	-0.173	1.128	0.388	0
Refseq_229	12	20	6	3	4	28	34	16	18	14	0	1	0	1	0	0	0	0.575	0.327	0.228	0.648	0.566	0.042	0.067	0.385	0.088	0.074	-0.011	0
Refseq_230	9	8	0	1	0	11	15	3	10	2	1	3	0	7	2	1	0	-0.068	-0.045	0.066	0.077	0.212	-0.182	-0.321	-0.937	0.317	0.457	0.098	0
Refseq_231	27	24	2	1	0	1	4	0	0	0	2	4	1	17	5	0	5	-0.435	-0.11	-0.348	-0.187	0.159	0.585	0.914	0.509	0.413	0.584	1.361	0
Refseq_232	43	32	14	4	4	0	0	0	0	0	0	1	0	0	1	0	0	1.15	0.976	1.407	0.583	1.152	-0.046	0.029	-0.161	0.127	0.004	-0.55	0
Refseq_233	8	2	0	1	0	1	0	0	0	0	1	2	0	1	4	0	0	0.829	1.156	1.106	0.435	0.806	0.125	0.138	0.124	0.09	0.123	-0.274	0
Refseq_234	52	76	2	5	0	0	0	0	0	0	0	3	1	2	1	0	0	-0.27	-0.315	-0.526	-0.502	-0.597	-0.336	-0.644	-0.385	-0.395	-0.563	-0.421	0
Refseq_235	6	8	0	0	0	3	2	0	2	0	2	3	0	3	2	1	0	0.06	-0.231	0.045	-0.574	-0.212	-0.202	-0.367	-0.066	-0.075	-0.331	-0.053	0
Refseq_236	0	0	0	0	0	0	0	0	0	0	1	3	0	6	2	1	0	-0.193	-0.869	-1.01	-0.546	-0.785	-0.176	0.168	0.037	-0.076	0.174	-0.137	0
Refseq_237	10	12	2	3	0	3	4	0	4	0	0	3	1	2	1	0	0	-0.44	-0.346	-0.492	-0.505	-0.395	-0.244	-0.371	-0.456	-0.248	-0.261	-0.287	0
Refseq_238	32	54	2	3	0	10	2	0	0	0	1	3	0	6	2	5	0	0.18	0.031	0.47	0.202	0.328	0.258	-0.126	0.349	-0.039	-0.181	-0.506	0
Refseq_239	45	56	4	4	0	12	13	4	4	0	0	2	0	1	1	0	0	0.049	-0.215	0.639	0.695	1.468	-0.219	-0.967	-0.566	-0.352	-0.607	-1.351	0
Refseq_240	25	42	6	6	4	48	63	20	30	16	1	3	0	7	2	5	0	0	0	0	0	0	0	0	0	0	0	0	0
Refseq_241	38	62	6	7	2	1	0	0	0	0	1	3	0	8	3	6	0	0.68	0.397	0.578	0.207	-0.25	0.817	0.656	0.364	0.256	0.283	0.352	0
Refseq_242	3	2	2	0	0	0	0	0	0	0	0	1	1	0	0	0	0	0.141	0.492	0.747	0.627	0.504	0.087	0.466	-0.102	0.604	0.177	0.403	0
Refseq_243	15	22	0	1	0	2	2	0	0	0	1	2	0	4	0	2	0	0	0	0	0	0	0	0	0	0	0	0	0
Refseq_244	2	4	0	0	0	7	8	0	0	0	0	1	0	2	0	0	0	0	0	0	0	0	0	0	0	0	0	0	0
Refseq_245	8	8	2	2	0	2	4	2	0	0	0	1	1	0	0	0	0	0.093	0.395	0.113	0.157	-0.009	1.235	1.502	-0.052	-0.179	0.132	-0.109	0
Refseq_246	0	0	0	0	0	0	0	0	0	0	2	4	1	17	5	0	5	-0.5	-0.153	-0.371	-0.537	-0.36	0.343	0.131	0.402	0.503	0.009	0.013	0
Refseq_247	38	64	2	6	0	0	0	0	0	0	0	1	1	0	0	0	0	0.373	0.061	0.375	-0.103	0.217	-0.076	-0.876	-0.733	0.683	-0.155	1.603	0
Refseq_248	10	14	0	1	0	1	2	0	0	0	2	3	0	17	5	0	5	-0.389	-0.063	-0.001	-0.007	0.019	-0.108	0.321	0.322	0.144	0.363	0.008	0
Refseq_249	2	4	0	0	0	0	0	0	0	0	0	3	0	2	1	1	0	-0.255	-0.266	-0.249	-0.152	-0.276	-0.321	-0.6	-0.293	-0.249	-0.146	0.203	0
Refseq_250	13	12	0	1	0	2	2	0	0	0	0	2	0	1	2	0	0	0.455	0.329	-0.05	0.074	0.259	0.167	0.577	0.538	0.128	0.803	0.181	0
Refseq_251	7	12	2	0	0	0	0	0	0	0	0	1	1	0	0	0	0	0.113	0.201	0.218	0.452	0.363	0.074	0.246	0.102	-0.052	-0.696	-1.344	0
Refseq_252	27	28	10	5	4	2	2	0	2	0	0	2	0	5	2	0	0	0.462	0.828	0.585	0.089	0.478	0.059	0.344	-0.221	-0.13	0.597	0.358	0
Refseq_253	8	4	4	0	0	0	0	0	0	0	0	2	0	1	1	0	0	-0.104	0.409	0.262	0.364	0.752	0.034	0.384	1.538	1.093	0.094	-0.813	0
Refseq_254	33	36	4	4	4	2	0	0	0	0	0	1	0	2	0	0	0	-0.947	-0.827	-1.098	-1.233	-0.896	-0.571	-0.223	-0.218	-0.661	0.139	0.098	0
Refseq_255	21	38	2	6	0	42	78	8	25	2	1	2	0	2	2	0	0	0	0	0	0	0	0	0	0	0	0	0	0
Refseq_256	10	14	2	2	0	53	28	7	15	2	1	3	0	5	2	1	0	-0.014	0.309	0.033	0.382	0.034	0.122	0.388	0.864	0.135	-0.891	-1.595	0
Refseq_257	5	8	4	0	0	0	0	0	0	0	0	1	1	0	0	0	0	0.779	1.208	1.025	0.781	0.541	-0.409	-0.85	0.379	0.948	0.349	0.552	0
Refseq_258	35	42	2	2	0	0	0	0	0	0	0	2	1	0	2	0	0	-0.086	-0.548	-0.054	0.07	0.051	-0.128	0.06	-0.028	0.528	-0.221	-0.777	0
Refseq_259	5	4	0	2	0	4	2	0	0	0	0	2	0	2	2	0	0	0	0	0	0	0	0	0	0	0	0	0	0
Refseq_260	5	4	0	0	0	0	0	0	0	0	0	2	0	1	1	0	0	-0.618	-0.523	-0.537	-0.036	-0.396	-0.185	-0.429	-0.14	-0.27	-0.033	1.311	0
Refseq_261	3	4	0	0	0	0	0	0	0	0	0	1	0	1	0	0	0	0.715	0.687	1.02	1.03	0.884	-0.026	-0.218	0.05	-0.135	-0.837	-0.72	0
Refseq_262	3	4	2	0	0	1	2	2	0	0	0	1	0	0	1	0	0	-0.902	-0.871	-0.92	-0.842	-0.804	-0.381	-0.41	-0.561	-0.467	-0.668	0.286	0
Refseq_263	46	46	4	2	2	3	6	2	0	0	0	1	1	0	0	0	0	0.321	0.711	0.888	0.89	0.625	0.144	0.63	0.426	0.707	0.646	0.335	0
Refseq_264	2	4	2	1	0	0	0	0	0	0	0	1	1	0	0	0	0	0.923	0.811	0.986	1.105	1.634	0.646	0.781	0.201	0.717	0.092	-0.134	0
Refseq_265	57	60	18	4	6	0	0	0	0	0	0	1	0	1	0	0	0	-0.554	-0.299	-0.086	-0.13	-0.374	0.392	0.511	0.366	0.491	1.207	0.865	0
Refseq_266	2	2	0	0	0	2	4	2	4	2	0	1	0	1	0	0	0	0.625	0.758	0.966	0.669	0.237	0.182	0.227	0.757	0.448	0.259	0.235	0
Refseq_267	40	20	6	2	0	15	15	0	2	0	0	1	1	0	0	0	0	-0.031	-0.057	0.152	-0.023	0.149	-0.235	-0.111	0.56	-0.068	0.096	-0.382	0
Refseq_268	51	70	8	10	2	11	14	12	0	0	0	1	0	0	1	0	0	-1.065	-0.172	-0.737	-0.533	-0.904	-0.558	-1.126	-0.774	-0.451	-0.833	-0.996	0
Refseq_269	5	10	4	1	0	15	22	9	8	2	0	1	0	1	0	0	0	-0.427	-0.14	-0.61	-0.962	-0.689	-0.42	-0.057	-0.214	-0.453	-0.107	-0.397	0
Refseq_270	3	6	0	1	0	4	2	0	2	0	0	1	1	0	0	0	0	0.128	0.002	-0.148	0.668	1.369	0.176	-0.426	0.098	-0.003	-0.126	-0.93	0
Refseq_271	7	8	6	1	2	0	0	0	0	0	0	1	1	0	0	0	0	-0.183	0.198	-0.275	-0.103	0.242	-0.101	-0.921	-0.255	-0.318	-0.629	-0.859	0
Refseq_272	58	54	16	6	6	12	18	2	8	0	0	1	1	0	0	0	0	0.392	0.551	0.492	0.091	0.01	0.336	0.158	0.076	0.43	0.355	0.153	0
Refseq_273	11	16	0	0	0	0	0	0	0	0	0	1	1	0	0	0	0	0	0	0	0	0	0	0	0	0	0	0	0
Refseq_274	16	18	0	0	0	0	0	0	0	0	0	1	0	1	0	0	0	-0.553	-0.843	-0.115	-0.508	-0.501	-0.042	-0.212	-0.14	-0.245	-0.2	0.12	0
Refseq_275	17	20	2	1	2	1	0	0	0	0	0	1	1	0	0	0	0	0.148	0.181	0.505	0.521	0.171	-0.325	-0.587	-0.999	-0.3	-0.381	-1.09	0
Refseq_276	18	18	4	2	0	0	0	0	0	0	0	1	1	0	0	0	0	-0.489	-0.282	-0.24	-0.012	0.291	-0.406	-0.079	-0.301	-0.235	-0.302	-0.436	0
Refseq_277	15	12	0	0	0	0	0	0	0	0	0	2	1	1	0	0	0	0	0	0	0	0	0	0	0	0	0	0	0
Refseq_278	6	10	4	1	0	0	0	0	0	0	0	1	1	0	0	0	0	0	0	0	0	0	0	0	0	0	0	0	0
Refseq_279	20	28	4	3	2	5	6	2	2	0	0	1	1	0	0	0	0	0.156	0.261	1.056	0.651	0.435	0.31	0.084	0.079	0.349	-0.229	-0.431	0
Refseq_280	20	16	6	3	2	24	21	2	11	2	0	1	1	0	0	0	0	-0.151	-0.285	0.047	0.107	0.166	0.09	-0.102	-0.41	-0.229	-0.743	-0.445	0
Refseq_281	30	34	8	6	6	27	59	1	18	0	0	1	1	0	0	0	0	0	0	0	0	0	0	0	0	0	0	0	0
Refseq_282	5	8	0	1	0	2	0	0	0	0	0	1	1	0	0	0	0	0	0	0	0	0	0	0	0	0	0	0	0
Refseq_283	10	8	6	1	0	0	0	0	0	0	0	1	1	0	0	0	0	-0.104	0.409	0.262	0.364	0.752	0.034	0.384	1.538	1.093	0.094	-0.813	0
Refseq_284	6	4	0	0	0	0	0	0	0	0	0	1	1	0	0	0	0	0	0	0	0	0	0	0	0	0	0	0	0
Refseq_285	5	8	4	1	0	5	2	0	2	0	0	1	1	0	0	0	0	-1.159	-0.353	-0.292	-0.599	-0.273	-0.179	-0.689	-0.808	-0.064	-0.544	-0.274	0
Refseq_286	22	20	4	1	2	0	0	0	0	0	0	1	1	0	0	0	0	0.264	0.356	0.666	-0.091	-0.369	0.076	0.386	0.13	0.56	0.561	0.681	0
Refseq_287	73	52	8	5	2	23	36	12	14	8	0	1	1	0	0	0	0	0.763	0.545	0.622	0.669	0.383	0.133	0.786	0.212	0.397	0.333	0.273	0
Refseq_288	11	18	2	1	0	1	2	0	2	0	0	1	0	2	0	0	0	-1.633	-0.788	-1.131	-1.257	-0.957	-0.797	-1.585	-1.396	-0.808	-0.797	0.515	0
Refseq_289	24	22	8	3	2	2	2	0	2	0	0	1	1	0	0	0	0	0.462	0.828	0.585	0.089	0.478	0.059	0.344	-0.221	-0.13	0.597	0.358	0
Refseq_290	63	54	4	2	0	1	0	0	0	0	0	1	1	0	0	0	0	-0.072	-0.226	-0.152	-0.111	-0.206	0.12	0.638	0.25	0.25	0.372	0.589	0
Refseq_291	4	6	0	0	0	4	2	0	0	0	0	1	0	0	1	0	0	-0.094	-0.074	-0.507	-0.109	-0.326	0.105	0.357	1.075	0.189	1.139	1.305	0
Refseq_292	33	26	12	3	2	7	1	1	0	0	0	1	1	0	0	0	0	0.542	0.636	0.787	0.504	0.397	0.026	0.135	0.943	-0.079	0.037	-0.021	0
Refseq_293	10	16	4	2	2	4	10	8	8	6	0	1	0	0	0	1	0	0.715	0.687	1.02	1.03	0.884	-0.026	-0.218	0.05	-0.135	-0.837	-0.72	0
Refseq_294	4	4	4	0	0	11	6	2	0	0	0	1	1	0	0	0	0	0	0	0	0	0	0	0	0	0	0	0	0
Refseq_295	20	22	4	0	0	3	2	0	0	0	0	1	1	0	0	0	0	0	0	0	0	0	0	0	0	0	0	0	0
Refseq_296	20	6	4	1	0	1	0	0	0	0	0	1	1	0	0	0	0	0	0	0	0	0	0	0	0	0	0	0	0
Refseq_297	36	26	6	1	0	4	5	0	0	0	0	1	1	0	0	0	0	0	0	0	0	0	0	0	0	0	0	0	0
Refseq_298	59	24	4	2	4	6	6	6	4	4	0	1	1	0	0	0	0	0	0	0	0	0	0	0	0	0	0	0	0
Refseq_299	58	66	18	9	14	43	58	9	15	0	1	1	1	0	0	0	0	-0.021	-0.299	-0.768	-0.342	-0.458	-0.244	-0.018	-0.42	-0.518	-0.105	-0.18	0
Refseq_300	45	46	6	5	2	75	77	22	32	16	0	1	1	0	0	0	0	-0.117	-0.439	-0.211	-0.718	-2.506	-0.563	-0.631	-0.714	-0.464	-0.617	-0.461	0
Refseq_301	11	4	4	0	0	19	7	4	4	2	0	1	1	0	0	0	0	0.134	0.053	0.154	0.156	0.082	-0.12	-0.495	-0.185	-0.204	-0.321	-0.056	0
Refseq_302	11	6	4	0	0	13	9	4	3	2	0	1	1	0	0	0	0	0.714	1.332	0.304	0.853	0.338	0.075	0.081	-0.244	-0.027	0.013	0.054	0
Refseq_303	44	44	12	14	8	103	87	34	46	20	0	1	1	0	0	0	0	0	0	0	0	0	0	0	0	0	0	0	0
Refseq_304	19	26	8	3	2	21	44	20	22	16	0	1	1	0	0	0	0	-0.639	-0.615	-0.465	-0.403	-0.491	-0.246	-0.881	-0.861	-0.341	-0.142	-0.722	0
Refseq_305	28	32	8	6	6	68	54	24	30	18	0	1	1	0	0	0	0	0.568	0.205	0.633	0.582	-0.226	0.093	0.083	-0.547	-0.231	0.242	0.23	0
Refseq_306	8	12	4	2	0	10	15	13	2	0	0	1	1	0	0	0	0	0	0	0	0	0	0	0	0	0	0	0	0
Refseq_307	8	8	0	0	0	15	17	2	2	2	0	1	0	1	0	0	0	0	0	0	0	0	0	0	0	0	0	0	0
Refseq_308	31	22	6	4	2	17	12	2	8	0	0	1	1	0	0	0	0	0.249	0.143	-0.041	0.252	0.158	0.12	-0.018	-0.237	0.364	0.185	1.051	0
Refseq_309	44	46	8	5	2	38	55	17	17	7	0	1	1	0	0	0	0	0.476	0.344	0.382	-0.107	0.343	0.383	0.142	0.759	0.357	0.105	0.164	0
Refseq_310	1	2	0	1	0	1	2	0	2	0	0	1	0	1	0	0	0	0.244	0.208	0.288	0.41	0.401	-0.056	-0.429	0.101	-0.097	0.188	-0.228	0
Refseq_311	31	24	4	0	0	17	6	4	0	0	0	1	1	0	0	0	0	0.096	0.093	-0.308	-0.422	-0.364	-0.142	-1.83	-0.844	-0.162	-1.462	2.618	0
Refseq_312	26	32	14	8	6	32	47	8	20	4	0	1	1	0	0	0	0	-0.428	-0.302	-0.153	-0.28	0.241	0.405	0.122	0.36	0.012	-0.124	-0.133	0
Refseq_313	10	8	4	1	2	24	4	4	0	0	0	1	1	0	0	0	0	0	0	0	0	0	0	0	0	0	0	0	0
Refseq_314	62	48	10	9	8	33	36	16	26	14	0	1	1	0	0	0	0	0.229	0.289	0.131	0.22	0.347	0.034	-0.277	0.002	0.111	0.104	-0.087	0
Refseq_315	10	18	0	3	0	29	22	2	10	0	0	2	0	1	1	0	0	0	0	0	0	0	0	0	0	0	0	0	0
Refseq_316	5	8	0	1	0	1	4	4	4	4	0	2	0	1	1	0	0	-0.078	0.11	-0.013	-0.125	-0.254	-0.073	0.206	0.335	-0.083	0.165	-0.155	0
Refseq_317	29	26	6	3	2	72	77	34	36	24	0	1	1	0	0	0	0	-0.167	0.609	-0.228	-0.069	0.255	0.014	0.252	0.132	0.048	-0.21	-0.067	0
Refseq_318	17	22	4	1	0	47	48	20	24	12	0	1	1	0	0	0	0	-0.082	-0.361	0.093	-0.122	0.113	-0.025	-0.129	0.001	-0.031	0.104	-0.22	0
Refseq_319	11	12	6	3	2	18	14	8	6	2	0	1	1	0	0	0	0	-0.161	-0.129	0.232	-0.285	-0.34	-0.159	-0.697	-0.648	-0.256	1.128	-0.423	0
Refseq_320	9	12	6	2	2	41	30	14	14	10	1	1	1	0	0	0	0	0.063	0.193	0.246	0.145	-0.062	-0.026	0.115	0.282	-0.036	0.176	-0.031	0
Refseq_321	34	28	4	3	0	71	58	19	16	4	0	1	1	0	0	0	0	0.419	0.931	0.344	0.956	1.326	0.187	0.366	0.794	0.444	0.123	-0.195	0
Refseq_322	39	32	16	5	6	74	58	23	17	13	0	1	1	0	0	0	0	-0.195	0.13	-0.403	-0.596	0.628	0.535	0.778	-0.33	0.363	-0.074	-0.396	0
Refseq_323	2	4	2	1	0	5	6	4	2	0	0	1	0	0	1	0	0	0.989	1.329	1.51	0.369	-0.315	0.297	0.262	0.089	0.362	0.835	1.185	0
Refseq_324	51	54	8	7	4	47	39	2	12	2	0	1	1	0	0	0	0	-0.244	-0.256	-0.312	0.061	-0.24	0.219	-0.26	-0.702	0.019	-0.136	-0.304	0
Refseq_325	33	30	4	5	2	17	14	4	8	2	0	1	1	0	0	0	0	-0.082	-0.401	-0.276	-0.411	0.118	0.137	-0.471	-0.381	0.086	-0.267	-0.226	0
Refseq_326	68	54	10	6	0	54	64	4	29	4	0	1	1	0	0	0	0	-0.04	-0.167	-0.326	0.172	0.324	0.14	-0.184	0.178	0.108	0.308	-0.066	0
Refseq_327	30	22	8	0	0	5	2	0	0	0	0	1	1	0	0	0	0	-0.279	-0.047	-0.262	-0.066	-0.085	-0.089	0.02	0.095	0.316	0.556	0.757	0
Refseq_328	11	12	6	1	0	2	0	0	0	0	1	1	1	0	0	0	0	-0.506	-0.339	-0.792	-0.748	-0.683	-0.401	-0.165	-0.434	-0.176	-0.27	-0.196	0
Refseq_329	47	34	6	4	2	11	7	1	3	1	0	1	1	0	0	0	0	-0.019	0.062	0.149	-0.142	-0.045	0.251	0.441	0.217	0.118	0.838	0.332	0
Refseq_330	28	24	6	1	0	0	0	0	0	0	0	1	1	0	0	0	0	-0.827	-0.36	-0.839	-0.766	-1.081	-0.352	-0.028	-0.175	-0.59	0.046	-0.226	0
Refseq_331	7	12	4	0	0	4	0	0	0	0	0	1	1	0	0	0	0	0	0	0	0	0	0	0	0	0	0	0	0
Refseq_332	18	24	2	1	0	0	0	0	0	0	0	1	1	0	0	0	0	-0.167	0.108	0.198	0.374	0.707	0.588	1.185	1.721	0.665	0.685	0.711	0
Refseq_333	22	20	4	2	0	5	6	2	2	2	0	1	1	0	0	0	0	-0.357	0.212	-0.287	0.114	0.807	-0.282	-0.299	-0.622	-0.499	-0.285	-0.532	0
Refseq_334	13	6	4	1	2	24	21	2	11	2	0	1	1	0	0	0	0	-0.151	-0.285	0.047	0.107	0.166	0.09	-0.102	-0.41	-0.229	-0.743	-0.445	0
Refseq_335	10	14	4	0	0	1	4	4	4	4	0	1	0	3	0	0	0	0	0	0	0	0	0	0	0	0	0	0	0
Refseq_336	24	22	8	2	2	4	7	0	0	0	0	1	1	0	0	0	0	-1.004	-0.624	-1.081	-0.345	-0.348	-0.281	-0.899	-0.902	-0.404	-0.575	-0.781	0
Refseq_337	36	32	8	2	2	2	0	0	0	0	0	1	1	0	0	0	0	-0.168	-0.072	-0.483	-0.326	-0.414	-0.06	0.326	-0.008	-0.132	0.443	0.237	0
Refseq_338	11	4	4	0	0	0	0	0	0	0	0	1	1	0	0	0	0	-0.33	-0.186	-0.094	0.099	0.144	0.099	0.471	0.078	0.278	0.248	0.588	0
Refseq_339	60	36	8	3	2	1	2	0	0	0	0	1	1	0	0	0	0	0	0	0	0	0	0	0	0	0	0	0	0
Refseq_340	3	2	0	0	0	10	9	5	0	0	0	1	0	0	1	0	0	0.725	1.408	0.568	0.284	-0.062	0.773	0.865	0.329	0.207	0.425	0.79	0
Refseq_341	90	50	16	9	10	0	0	0	0	0	0	1	1	0	0	0	0	0.348	-0.051	0.684	0.268	0.042	0.025	-0.162	-0.174	0.213	-0.141	0.08	0
Refseq_342	2	4	0	0	0	21	25	9	12	2	0	1	0	1	0	0	0	-1.537	-1.476	-1.605	-1.186	-1.127	-0.469	-0.799	-0.089	-0.282	2.125	-0.332	0
Refseq_343	17	12	6	1	2	21	8	6	4	4	1	1	1	0	0	0	0	0	0	0	0	0	0	0	0	0	0	0	0
Refseq_344	20	16	4	2	4	24	25	0	11	0	0	1	1	0	0	0	0	0	0	0	0	0	0	0	0	0	0	0	0
Refseq_345	13	22	0	1	0	0	0	0	0	0	0	1	1	0	0	0	0	0	0	0	0	0	0	0	0	0	0	0	0
Refseq_346	51	26	8	2	4	15	4	0	4	0	0	1	1	0	0	0	0	0.986	0.862	0.787	0.663	0.852	-0.041	0.109	0.255	-0.06	0.143	-0.144	0
Refseq_347	25	24	4	1	2	0	0	0	0	0	0	1	1	0	0	0	0	0.264	0.356	0.666	-0.091	-0.369	0.076	0.386	0.13	0.56	0.561	0.681	0
Refseq_348	4	6	4	1	0	14	2	2	0	0	0	1	1	0	0	0	0	0	0	0	0	0	0	0	0	0	0	0	0
Refseq_349	18	14	6	0	0	1	0	0	0	0	0	1	1	0	0	0	0	0.019	-0.162	-0.169	0.19	-0.296	-0.064	-0.117	0.074	0.052	0.036	-0.25	0
Refseq_350	16	12	8	5	8	1	0	0	0	0	0	1	1	0	0	0	0	-0.835	-0.865	-0.64	-0.416	-0.267	-0.059	0.257	0.018	0.298	-0.054	0.199	0
Refseq_351	29	18	10	2	2	1	0	0	0	0	0	1	1	0	0	0	0	0.332	0.773	0.022	0.023	0.097	0.586	0.866	0.185	0.177	0.589	0.548	0
Refseq_352	4	8	0	0	0	0	0	0	0	0	0	1	1	0	0	0	0	0.017	0.08	0.338	0.483	0.869	0.447	0.853	0.34	0.676	0.113	-0.195	0
Refseq_353	27	8	4	2	4	0	0	0	0	0	0	1	1	0	0	0	0	0.266	0.503	0.519	0.559	0.66	0.619	1.054	1.032	0.501	0.681	0.121	0
Refseq_354	7	10	4	1	2	0	0	0	0	0	0	1	1	0	0	0	0	0.533	0.412	1.411	1.041	1.842	0.371	0.281	0.333	0.524	0.587	0.638	0
Refseq_355	7	8	6	1	2	5	4	0	0	0	0	1	1	0	0	0	0	-0.324	-0.288	-0.714	-0.416	-0.258	-0.126	-0.023	-0.114	-0.074	-0.116	0.304	0
Refseq_356	5	8	4	1	0	5	4	0	0	0	0	1	1	0	0	0	0	0.356	0.02	0.104	0.107	0.485	0.097	0.193	-0.122	0.034	0.613	0.317	0
Refseq_357	8	10	2	0	0	0	0	0	0	0	0	1	1	0	0	0	0	0.094	0.221	0.213	0.143	0.051	0.306	0.694	0.483	0.446	0.614	0.841	0
Refseq_358	17	20	8	4	4	21	26	14	11	3	0	1	1	0	0	0	0	0	0	0	0	0	0	0	0	0	0	0	0
Refseq_359	18	12	4	2	0	0	0	0	0	0	0	1	1	0	0	0	0	0.047	-0.039	0.004	0.024	-0.094	-0.03	-0.145	-0.283	-0.155	-0.103	-0.13	0
Refseq_360	24	16	6	2	2	2	2	2	0	0	0	1	1	0	0	0	0	-0.182	-0.268	-0.499	-0.222	0.129	0.933	1.274	0.727	1.179	0.677	0.828	0
Refseq_361	12	8	4	2	2	9	2	2	0	0	1	1	1	0	0	0	0	0.4	-0.048	-0.087	0.15	0.082	0.082	0.113	-0.12	0.083	-0.265	-0.247	0
Refseq_362	4	8	0	1	0	0	0	0	0	0	0	1	0	1	0	0	0	-0.447	-0.362	-0.066	-0.137	0.056	-0.027	-0.197	0.253	-0.082	-0.503	-0.228	0
Refseq_363	3	4	4	0	0	0	0	0	0	0	0	1	1	0	0	0	0	0.417	0.271	0.234	0.627	0.433	0.513	0.903	1.279	0.516	0.882	0.484	0
Refseq_364	18	14	6	0	0	5	0	0	0	0	0	1	1	0	0	0	0	-0.224	0.129	-0.147	0.025	0.031	0.162	-0.245	0.175	-0.05	0.012	-0.048	0
Refseq_365	7	12	0	0	0	2	1	0	0	0	0	1	1	0	0	0	0	-0.57	-0.217	-0.455	-0.588	-0.689	-0.516	-0.348	-0.338	-0.466	-0.36	-0.248	0
Refseq_366	7	10	4	1	0	8	6	0	0	0	0	1	1	0	0	0	0	-0.117	-0.334	-0.005	-0.036	-0.08	-0.181	-0.624	-0.537	-0.127	-0.408	-0.31	0
Refseq_367	5	8	2	1	2	0	0	0	0	0	0	2	0	1	3	0	0	0.312	0.196	0.014	-0.169	-0.267	-0.068	0.003	-0.043	-0.202	-0.459	1.403	0
Refseq_368	4	6	4	0	0	5	2	0	2	0	0	1	1	0	0	0	0	-1.159	-0.353	-0.292	-0.599	-0.273	-0.179	-0.689	-0.808	-0.064	-0.544	-0.274	0
Refseq_369	24	16	4	1	2	7	7	0	2	0	0	1	1	0	0	0	0	-0.138	0.04	0.327	0.693	0.636	-0.022	-0.013	0.001	-0.023	-0.049	-0.174	0
Refseq_370	27	26	6	5	2	17	14	4	8	2	0	1	1	0	0	0	0	-0.082	-0.401	-0.276	-0.411	0.118	0.137	-0.471	-0.381	0.086	-0.267	-0.226	0
Refseq_371	17	14	4	1	0	2	2	0	2	0	0	1	1	0	0	0	0	0.386	0.551	0.403	0.486	0.876	0.119	0.845	0.346	0.348	-0.432	-0.286	0
Refseq_372	8	14	4	0	0	4	0	0	0	0	1	1	1	0	0	0	0	0	0	0	0	0	0	0	0	0	0	0	0
Refseq_373	0	0	0	0	0	0	0	0	0	0	1	3	0	6	2	6	0	-0.674	-0.066	-0.488	-0.637	-0.674	-0.22	0.242	0.848	-0.134	0.603	0.255	0
Refseq_374	4	4	0	0	0	0	0	0	0	0	0	1	0	1	0	0	0	0.754	1.205	0.859	0.218	1.244	0.098	-0.182	0.466	0.013	-0.251	-0.4	0
Refseq_375	1	2	0	0	0	0	0	0	0	0	0	1	0	1	0	0	0	-0.396	-0.56	-0.563	-0.66	-0.397	0.007	0.812	0.654	0.639	1.484	0.986	0
Refseq_376	0	0	0	0	0	4	3	0	0	0	0	1	0	1	0	0	0	-0.984	-0.725	-1.458	-1.183	-1.158	-0.328	-0.628	-0.537	-0.306	2.574	0.045	0
Refseq_377	0	0	0	0	0	3	4	4	0	0	0	1	0	3	0	0	0	-0.205	-0.057	0.068	0.487	0.615	-0.019	-0.078	-0.374	0.134	-0.427	-0.214	0
Refseq_378	0	0	0	0	0	0	0	0	0	0	0	1	0	1	0	0	0	-0.272	-0.295	-0.476	-0.481	-0.329	0.003	-0.572	0.241	0.39	0.423	0.309	0
Refseq_379	11	16	8	2	4	10	15	10	9	6	0	2	0	0	1	0	1	1.1	1.037	0.965	0.832	1.155	1.073	1.402	0.739	0.929	0.274	0.477	0
Refseq_380	10	14	2	1	0	0	0	0	0	0	0	2	1	0	0	2	0	0.163	-0.134	0.33	0.456	0.395	0.135	0.303	0.609	0.953	0.297	0.009	0
Refseq_381	1	0	0	0	0	0	0	0	0	0	0	1	0	1	0	0	0	-0.707	-0.501	-0.382	-0.676	-0.539	-0.241	0.127	-0.299	-0.2	0.507	1.583	0
Refseq_382	1	0	0	0	0	0	0	0	0	0	0	1	0	3	0	0	0	-0.17	0.775	-0.204	-0.039	0.076	0.08	0.408	0.793	-0.031	0.068	-0.124	0
Refseq_383	1	2	0	0	0	0	0	0	0	0	0	1	0	1	0	0	0	0.373	0.459	0.226	-0.022	0.076	0.304	-0.278	0.556	-0.139	0.121	0.114	0
Refseq_384	1	2	2	0	0	0	0	0	0	0	0	1	1	0	0	0	0	0.919	0.625	0.788	0.326	0.311	0.134	-0.237	0.296	0.292	0.157	-0.174	0
Refseq_385	0	0	0	0	0	0	0	0	0	0	0	1	0	1	0	0	0	0.474	0.842	-0.163	0.138	0.062	0.243	0.869	0.264	-0.017	-0.103	-0.01	0
Refseq_386	8	8	4	2	4	9	5	2	1	0	0	1	1	0	0	0	0	0.301	0.17	0.262	0.533	0.449	0.253	-0.208	-0.185	0.407	0.484	0.205	0
Refseq_387	3	4	4	0	0	2	2	2	0	0	0	1	1	0	0	0	0	0	0	0	0	0	0	0	0	0	0	0	0
Refseq_388	23	18	4	0	0	4	2	0	0	0	0	1	1	0	0	0	0	-0.425	-0.015	-0.318	0.247	0.149	-0.531	-1.741	-0.786	-0.735	-1.832	-2.432	0
Refseq_389	13	4	4	0	0	0	0	0	0	0	0	1	1	0	0	0	0	-0.33	-0.186	-0.094	0.099	0.144	0.099	0.471	0.078	0.278	0.248	0.588	0
Refseq_390	11	12	6	0	0	5	4	0	0	0	0	1	1	0	0	0	0	-0.324	-0.288	-0.714	-0.416	-0.258	-0.126	-0.023	-0.114	-0.074	-0.116	0.304	0
Refseq_391	43	30	12	2	2	1	2	2	2	2	0	1	1	0	0	0	0	0	0	0	0	0	0	0	0	0	0	0	0
Refseq_392	14	10	4	2	2	4	1	1	0	0	0	1	1	0	0	0	0	-0.63	-0.037	-0.478	-0.087	0.376	0.206	0.122	0.427	0.099	0.199	-0.343	0
Refseq_393	6	10	4	1	2	0	0	0	0	0	0	1	1	0	0	0	0	0.312	0.196	0.014	-0.169	-0.267	-0.068	0.003	-0.043	-0.202	-0.459	1.403	0
Refseq_394	23	12	8	1	2	3	0	0	0	0	0	1	1	0	0	0	0	-0.286	-0.338	-0.625	-0.421	-0.063	0.103	-0.003	0.195	-0.046	0.288	0.032	0
Refseq_395	2	4	0	0	0	0	0	0	0	0	0	1	1	0	0	0	0	-0.882	-0.675	-0.623	-0.752	-0.744	-0.02	0.156	-0.164	-0.096	-0.135	-0.3	0
Refseq_396	81	74	4	5	0	18	20	2	14	0	0	1	1	0	0	0	0	0	0	0	0	0	0	0	0	0	0	0	0
Refseq_397	13	6	4	1	2	0	0	0	0	0	0	1	1	0	0	0	0	1.245	0.811	1.349	0.516	0.652	0.579	0.731	0.37	0.556	1.015	1.193	0
Refseq_398	26	26	4	2	0	4	4	0	4	0	0	1	1	0	0	0	0	-0.047	0.455	-0.189	0.206	0.454	0.222	0.023	0.279	0.037	-0.218	-0.845	0
Refseq_399	23	26	4	6	4	42	62	19	37	17	0	1	1	0	0	0	0	-0.519	-0.389	-0.48	-0.323	-0.016	-0.079	-0.959	-0.399	-0.41	-0.54	-0.296	0
Refseq_400	9	14	4	0	0	9	14	6	0	0	1	1	1	0	0	0	0	0	0	0	0	0	0	0	0	0	0	0	0
Refseq_401	26	26	4	3	0	50	77	17	38	2	0	1	1	0	0	0	0	0	0	0	0	0	0	0	0	0	0	0	0
Refseq_402	18	24	4	5	2	32	34	12	18	4	0	1	1	0	0	0	0	0	0	0	0	0	0	0	0	0	0	0	0
Refseq_403	18	22	6	6	0	16	16	2	14	0	0	1	1	0	0	0	0	0	0	0	0	0	0	0	0	0	0	0	0
Refseq_404	24	22	4	2	2	11	22	10	8	4	1	1	1	0	0	0	0	-0.093	0.071	0.591	0.291	0.691	0.094	0.498	0.711	0.12	-0.173	-0.256	0
Refseq_405	14	8	4	2	2	25	11	5	2	2	0	1	1	0	0	0	0	0	0	0	0	0	0	0	0	0	0	0	0
Refseq_406	12	10	4	0	0	25	14	10	0	0	0	1	1	0	0	0	0	-0.502	-0.041	-0.553	-0.509	-0.662	0.046	-0.305	-0.467	0.173	0.299	0.392	0
Refseq_407	65	20	4	5	2	189	32	16	16	8	0	1	1	0	0	0	0	-0.118	-0.079	-0.046	0.165	0.163	-0.062	-0.331	-0.244	-0.09	0.696	0.163	0
Refseq_408	4	6	4	3	4	20	14	2	4	2	0	1	1	0	0	0	0	0.378	0.593	-0.06	0.305	0.259	-0.049	0.011	-0.631	-0.048	0.006	-0.155	0
Refseq_409	9	10	4	1	0	9	12	4	6	0	0	1	1	0	0	0	0	1.643	3.426	4.583	2.723	3.841	0.841	2.153	0.64	1.225	3.562	2.21	0
Refseq_410	6	8	4	1	2	0	0	0	0	0	0	1	1	0	0	0	0	0.356	0.35	0.418	1.058	1.15	0.299	0.35	0.335	0.284	0.536	0.393	0
Refseq_411	6	8	4	0	0	5	16	16	0	0	0	1	1	0	0	0	0	0.442	0.402	0.042	0.513	0.691	-0.075	0.022	-0.133	0.346	0.021	0.045	0
Refseq_412	35	16	4	1	2	0	0	0	0	0	0	1	1	0	0	0	0	-0.285	0.018	0.309	0.788	1.177	0.259	-0.046	-0.128	0.239	0.107	-0.22	0
Refseq_413	3	6	4	0	0	8	7	5	4	2	0	1	1	0	0	0	0	0.134	-0.016	0.441	0.283	0.142	0.184	-0.083	0.209	0.126	-0.215	0.19	0
Refseq_414	17	14	4	1	0	0	0	0	0	0	1	1	1	0	0	0	0	0	0	0	0	0	0	0	0	0	0	0	0
Refseq_415	2	2	0	0	0	0	0	0	0	0	0	1	0	0	2	0	0	0.172	0.547	0.731	0.206	0.254	-0.033	0.257	-0.204	0.071	-0.186	-0.313	0
Refseq_416	27	22	4	4	2	0	0	0	0	0	0	1	1	0	0	0	0	-1.04	-1.622	-0.717	-0.888	-0.922	-0.47	-0.528	0.669	0.043	-0.616	-0.849	0
Refseq_417	75	42	4	3	0	7	7	0	5	0	0	1	1	0	0	0	0	0	0	0	0	0	0	0	0	0	0	0	0